{
 "cells": [
  {
   "cell_type": "code",
   "execution_count": 1,
   "metadata": {},
   "outputs": [],
   "source": [
    "# Numerical packages\n",
    "import numpy as np\n",
    "import pandas as pd \n",
    "from scipy.spatial.distance import cdist\n",
    "\n",
    "# Graphing\n",
    "import matplotlib.pyplot as plt\n",
    "import plotly.express as px\n",
    "\n",
    "# Clustering & PCA\n",
    "from sklearn.preprocessing import StandardScaler\n",
    "from sklearn.cluster import KMeans\n",
    "from sklearn import metrics \n",
    "from sklearn.decomposition import PCA\n",
    "\n",
    "# Machine Learning\n",
    "import pycaret.classification as clf"
   ]
  },
  {
   "cell_type": "markdown",
   "metadata": {},
   "source": [
    "### 1.0 Load Data"
   ]
  },
  {
   "cell_type": "code",
   "execution_count": 2,
   "metadata": {},
   "outputs": [
    {
     "data": {
      "text/html": [
       "<div>\n",
       "<style scoped>\n",
       "    .dataframe tbody tr th:only-of-type {\n",
       "        vertical-align: middle;\n",
       "    }\n",
       "\n",
       "    .dataframe tbody tr th {\n",
       "        vertical-align: top;\n",
       "    }\n",
       "\n",
       "    .dataframe thead th {\n",
       "        text-align: right;\n",
       "    }\n",
       "</style>\n",
       "<table border=\"1\" class=\"dataframe\">\n",
       "  <thead>\n",
       "    <tr style=\"text-align: right;\">\n",
       "      <th></th>\n",
       "      <th>ID</th>\n",
       "      <th>Year_Birth</th>\n",
       "      <th>Education</th>\n",
       "      <th>Marital_Status</th>\n",
       "      <th>Income</th>\n",
       "      <th>Kidhome</th>\n",
       "      <th>Teenhome</th>\n",
       "      <th>Dt_Customer</th>\n",
       "      <th>Recency</th>\n",
       "      <th>MntWines</th>\n",
       "      <th>...</th>\n",
       "      <th>Age</th>\n",
       "      <th>Total_Campaigns</th>\n",
       "      <th>Frequency</th>\n",
       "      <th>Monetary</th>\n",
       "      <th>PropWines</th>\n",
       "      <th>PropFruits</th>\n",
       "      <th>PropMeatProducts</th>\n",
       "      <th>PropFishProducts</th>\n",
       "      <th>PropSweetProducts</th>\n",
       "      <th>PropGoldProds</th>\n",
       "    </tr>\n",
       "  </thead>\n",
       "  <tbody>\n",
       "    <tr>\n",
       "      <th>0</th>\n",
       "      <td>5524</td>\n",
       "      <td>1957</td>\n",
       "      <td>2</td>\n",
       "      <td>1</td>\n",
       "      <td>58138.0</td>\n",
       "      <td>0</td>\n",
       "      <td>0</td>\n",
       "      <td>2012-09-04</td>\n",
       "      <td>58</td>\n",
       "      <td>635</td>\n",
       "      <td>...</td>\n",
       "      <td>57</td>\n",
       "      <td>0</td>\n",
       "      <td>25</td>\n",
       "      <td>1617</td>\n",
       "      <td>0.392703</td>\n",
       "      <td>0.054422</td>\n",
       "      <td>0.337662</td>\n",
       "      <td>0.106370</td>\n",
       "      <td>0.054422</td>\n",
       "      <td>0.054422</td>\n",
       "    </tr>\n",
       "    <tr>\n",
       "      <th>1</th>\n",
       "      <td>2174</td>\n",
       "      <td>1954</td>\n",
       "      <td>2</td>\n",
       "      <td>1</td>\n",
       "      <td>46344.0</td>\n",
       "      <td>1</td>\n",
       "      <td>1</td>\n",
       "      <td>2014-03-08</td>\n",
       "      <td>38</td>\n",
       "      <td>11</td>\n",
       "      <td>...</td>\n",
       "      <td>60</td>\n",
       "      <td>0</td>\n",
       "      <td>6</td>\n",
       "      <td>27</td>\n",
       "      <td>0.407407</td>\n",
       "      <td>0.037037</td>\n",
       "      <td>0.222222</td>\n",
       "      <td>0.074074</td>\n",
       "      <td>0.037037</td>\n",
       "      <td>0.222222</td>\n",
       "    </tr>\n",
       "    <tr>\n",
       "      <th>2</th>\n",
       "      <td>4141</td>\n",
       "      <td>1965</td>\n",
       "      <td>2</td>\n",
       "      <td>2</td>\n",
       "      <td>71613.0</td>\n",
       "      <td>0</td>\n",
       "      <td>0</td>\n",
       "      <td>2013-08-21</td>\n",
       "      <td>26</td>\n",
       "      <td>426</td>\n",
       "      <td>...</td>\n",
       "      <td>49</td>\n",
       "      <td>0</td>\n",
       "      <td>21</td>\n",
       "      <td>776</td>\n",
       "      <td>0.548969</td>\n",
       "      <td>0.063144</td>\n",
       "      <td>0.163660</td>\n",
       "      <td>0.143041</td>\n",
       "      <td>0.027062</td>\n",
       "      <td>0.054124</td>\n",
       "    </tr>\n",
       "    <tr>\n",
       "      <th>3</th>\n",
       "      <td>6182</td>\n",
       "      <td>1984</td>\n",
       "      <td>2</td>\n",
       "      <td>2</td>\n",
       "      <td>26646.0</td>\n",
       "      <td>1</td>\n",
       "      <td>0</td>\n",
       "      <td>2014-02-10</td>\n",
       "      <td>26</td>\n",
       "      <td>11</td>\n",
       "      <td>...</td>\n",
       "      <td>30</td>\n",
       "      <td>0</td>\n",
       "      <td>8</td>\n",
       "      <td>53</td>\n",
       "      <td>0.207547</td>\n",
       "      <td>0.075472</td>\n",
       "      <td>0.377358</td>\n",
       "      <td>0.188679</td>\n",
       "      <td>0.056604</td>\n",
       "      <td>0.094340</td>\n",
       "    </tr>\n",
       "    <tr>\n",
       "      <th>4</th>\n",
       "      <td>5324</td>\n",
       "      <td>1981</td>\n",
       "      <td>4</td>\n",
       "      <td>2</td>\n",
       "      <td>58293.0</td>\n",
       "      <td>1</td>\n",
       "      <td>0</td>\n",
       "      <td>2014-01-19</td>\n",
       "      <td>94</td>\n",
       "      <td>173</td>\n",
       "      <td>...</td>\n",
       "      <td>33</td>\n",
       "      <td>0</td>\n",
       "      <td>19</td>\n",
       "      <td>422</td>\n",
       "      <td>0.409953</td>\n",
       "      <td>0.101896</td>\n",
       "      <td>0.279621</td>\n",
       "      <td>0.109005</td>\n",
       "      <td>0.063981</td>\n",
       "      <td>0.035545</td>\n",
       "    </tr>\n",
       "  </tbody>\n",
       "</table>\n",
       "<p>5 rows × 38 columns</p>\n",
       "</div>"
      ],
      "text/plain": [
       "     ID  Year_Birth  Education  Marital_Status   Income  Kidhome  Teenhome  \\\n",
       "0  5524        1957          2               1  58138.0        0         0   \n",
       "1  2174        1954          2               1  46344.0        1         1   \n",
       "2  4141        1965          2               2  71613.0        0         0   \n",
       "3  6182        1984          2               2  26646.0        1         0   \n",
       "4  5324        1981          4               2  58293.0        1         0   \n",
       "\n",
       "  Dt_Customer  Recency  MntWines  ...  Age  Total_Campaigns  Frequency  \\\n",
       "0  2012-09-04       58       635  ...   57                0         25   \n",
       "1  2014-03-08       38        11  ...   60                0          6   \n",
       "2  2013-08-21       26       426  ...   49                0         21   \n",
       "3  2014-02-10       26        11  ...   30                0          8   \n",
       "4  2014-01-19       94       173  ...   33                0         19   \n",
       "\n",
       "   Monetary  PropWines  PropFruits  PropMeatProducts  PropFishProducts  \\\n",
       "0      1617   0.392703    0.054422          0.337662          0.106370   \n",
       "1        27   0.407407    0.037037          0.222222          0.074074   \n",
       "2       776   0.548969    0.063144          0.163660          0.143041   \n",
       "3        53   0.207547    0.075472          0.377358          0.188679   \n",
       "4       422   0.409953    0.101896          0.279621          0.109005   \n",
       "\n",
       "   PropSweetProducts  PropGoldProds  \n",
       "0           0.054422       0.054422  \n",
       "1           0.037037       0.222222  \n",
       "2           0.027062       0.054124  \n",
       "3           0.056604       0.094340  \n",
       "4           0.063981       0.035545  \n",
       "\n",
       "[5 rows x 38 columns]"
      ]
     },
     "execution_count": 2,
     "metadata": {},
     "output_type": "execute_result"
    }
   ],
   "source": [
    "data = pd.read_pickle('data/marketing_dataset_cleaned.pkl')\n",
    "data.head()"
   ]
  },
  {
   "cell_type": "code",
   "execution_count": 3,
   "metadata": {},
   "outputs": [
    {
     "name": "stdout",
     "output_type": "stream",
     "text": [
      "<class 'pandas.core.frame.DataFrame'>\n",
      "Index: 2212 entries, 0 to 2239\n",
      "Data columns (total 38 columns):\n",
      " #   Column               Non-Null Count  Dtype         \n",
      "---  ------               --------------  -----         \n",
      " 0   ID                   2212 non-null   int64         \n",
      " 1   Year_Birth           2212 non-null   int64         \n",
      " 2   Education            2212 non-null   int32         \n",
      " 3   Marital_Status       2212 non-null   int32         \n",
      " 4   Income               2212 non-null   float64       \n",
      " 5   Kidhome              2212 non-null   int64         \n",
      " 6   Teenhome             2212 non-null   int64         \n",
      " 7   Dt_Customer          2212 non-null   datetime64[ns]\n",
      " 8   Recency              2212 non-null   int64         \n",
      " 9   MntWines             2212 non-null   int64         \n",
      " 10  MntFruits            2212 non-null   int64         \n",
      " 11  MntMeatProducts      2212 non-null   int64         \n",
      " 12  MntFishProducts      2212 non-null   int64         \n",
      " 13  MntSweetProducts     2212 non-null   int64         \n",
      " 14  MntGoldProds         2212 non-null   int64         \n",
      " 15  NumDealsPurchases    2212 non-null   int64         \n",
      " 16  NumWebPurchases      2212 non-null   int64         \n",
      " 17  NumCatalogPurchases  2212 non-null   int64         \n",
      " 18  NumStorePurchases    2212 non-null   int64         \n",
      " 19  NumWebVisitsMonth    2212 non-null   int64         \n",
      " 20  AcceptedCmp3         2212 non-null   int64         \n",
      " 21  AcceptedCmp4         2212 non-null   int64         \n",
      " 22  AcceptedCmp5         2212 non-null   int64         \n",
      " 23  AcceptedCmp1         2212 non-null   int64         \n",
      " 24  AcceptedCmp2         2212 non-null   int64         \n",
      " 25  Complain             2212 non-null   int64         \n",
      " 26  Response             2212 non-null   int64         \n",
      " 27  Duration             2212 non-null   int64         \n",
      " 28  Age                  2212 non-null   int64         \n",
      " 29  Total_Campaigns      2212 non-null   int64         \n",
      " 30  Frequency            2212 non-null   int64         \n",
      " 31  Monetary             2212 non-null   int64         \n",
      " 32  PropWines            2212 non-null   float64       \n",
      " 33  PropFruits           2212 non-null   float64       \n",
      " 34  PropMeatProducts     2212 non-null   float64       \n",
      " 35  PropFishProducts     2212 non-null   float64       \n",
      " 36  PropSweetProducts    2212 non-null   float64       \n",
      " 37  PropGoldProds        2212 non-null   float64       \n",
      "dtypes: datetime64[ns](1), float64(7), int32(2), int64(28)\n",
      "memory usage: 656.7 KB\n"
     ]
    }
   ],
   "source": [
    "data.info()"
   ]
  },
  {
   "cell_type": "markdown",
   "metadata": {},
   "source": [
    "The data has already been cleaned and pre-processed in a previous file.  "
   ]
  },
  {
   "cell_type": "code",
   "execution_count": 4,
   "metadata": {},
   "outputs": [
    {
     "name": "stdout",
     "output_type": "stream",
     "text": [
      "The maximum absolute correlation value is 0.8929961009357751.\n"
     ]
    }
   ],
   "source": [
    "# Drop the columns that are not useful for clustering or are highly correlated with other columns in the dataset\n",
    "data = data.drop(['ID', 'Dt_Customer', 'Year_Birth'], axis=1)\n",
    "\n",
    "# Calculate the correlation matrix\n",
    "corr_data = data.corr()\n",
    "# Strip out the trivial diagonal values since the correlation value is between a  variable and itself\n",
    "for x in range(len(data.columns)):\n",
    "    corr_data.iloc[x,x] = 0.0\n",
    "    \n",
    "print(f\"The maximum absolute correlation value is {corr_data.abs().max().max()}.\")"
   ]
  },
  {
   "cell_type": "code",
   "execution_count": 5,
   "metadata": {},
   "outputs": [
    {
     "data": {
      "application/vnd.plotly.v1+json": {
       "config": {
        "plotlyServerURL": "https://plot.ly"
       },
       "data": [
        {
         "coloraxis": "coloraxis",
         "hovertemplate": "x: %{x}<br>y: %{y}<br>color: %{z}<extra></extra>",
         "name": "0",
         "type": "heatmap",
         "x": [
          "Education",
          "Marital_Status",
          "Income",
          "Kidhome",
          "Teenhome",
          "Recency",
          "MntWines",
          "MntFruits",
          "MntMeatProducts",
          "MntFishProducts",
          "MntSweetProducts",
          "MntGoldProds",
          "NumDealsPurchases",
          "NumWebPurchases",
          "NumCatalogPurchases",
          "NumStorePurchases",
          "NumWebVisitsMonth",
          "AcceptedCmp3",
          "AcceptedCmp4",
          "AcceptedCmp5",
          "AcceptedCmp1",
          "AcceptedCmp2",
          "Complain",
          "Response",
          "Duration",
          "Age",
          "Total_Campaigns",
          "Frequency",
          "Monetary",
          "PropWines",
          "PropFruits",
          "PropMeatProducts",
          "PropFishProducts",
          "PropSweetProducts",
          "PropGoldProds"
         ],
         "xaxis": "x",
         "y": [
          "Education",
          "Marital_Status",
          "Income",
          "Kidhome",
          "Teenhome",
          "Recency",
          "MntWines",
          "MntFruits",
          "MntMeatProducts",
          "MntFishProducts",
          "MntSweetProducts",
          "MntGoldProds",
          "NumDealsPurchases",
          "NumWebPurchases",
          "NumCatalogPurchases",
          "NumStorePurchases",
          "NumWebVisitsMonth",
          "AcceptedCmp3",
          "AcceptedCmp4",
          "AcceptedCmp5",
          "AcceptedCmp1",
          "AcceptedCmp2",
          "Complain",
          "Response",
          "Duration",
          "Age",
          "Total_Campaigns",
          "Frequency",
          "Monetary",
          "PropWines",
          "PropFruits",
          "PropMeatProducts",
          "PropFishProducts",
          "PropSweetProducts",
          "PropGoldProds"
         ],
         "yaxis": "y",
         "z": [
          [
           0,
           0.04022493579523135,
           0.17973559567993544,
           -0.05290596442369216,
           0.1377961365765859,
           -0.013224221493241045,
           0.21331258936428993,
           -0.07934755601144304,
           0.04657027916728683,
           -0.10408023270740557,
           -0.09611041025104015,
           -0.09740518340066742,
           0.032820516729090914,
           0.10005422082613669,
           0.0839985844799255,
           0.0900761743468678,
           -0.05524776745711277,
           0.0032935446045869988,
           0.0626462486650706,
           0.03264286772153675,
           -0.0025996272198945203,
           0.024058945986351794,
           -0.03907220595790993,
           0.09896981480713882,
           -0.06227152403733957,
           0.19360568793528626,
           0.0410639063175434,
           0.11422243879460119,
           0.10714906701466709,
           0.46659454750697216,
           -0.35167503528086563,
           -0.014803140354763804,
           -0.3690720920075954,
           -0.3409065065854292,
           -0.3271804056541273
          ],
          [
           0.04022493579523135,
           0,
           0.04227541875614718,
           -0.05673813860167939,
           0.11144828983242083,
           0.0012688951296456264,
           0.04116897797005685,
           0.01093787190653044,
           -0.02733746998183059,
           0.00673832517579435,
           0.027343762199831746,
           0.03063809821249056,
           0.03916089056343104,
           0.05747439270633681,
           0.025898949910667983,
           0.031074279454543666,
           -0.0007692936048507563,
           -0.010440853776639817,
           0.033150446023787944,
           0.004747896688982305,
           -0.008103086937002514,
           0.018961227330981826,
           -0.029361849781136953,
           -0.02031727908059115,
           0.009464543620488632,
           0.19726905614326445,
           0.010888922837204901,
           0.053419132928763415,
           0.01870209665748614,
           0.07094690759673192,
           -0.051916617822473185,
           -0.055034683431878145,
           -0.012680070890298977,
           0.0004824135745004044,
           -0.04999325494422616
          ],
          [
           0.17973559567993544,
           0.04227541875614718,
           0,
           -0.514522754291071,
           0.03456467073820909,
           0.007965318172096421,
           0.688209275178229,
           0.5073537927710582,
           0.6922787846267775,
           0.52003977090427,
           0.5235985342505235,
           0.38829935957931644,
           -0.10820689773818848,
           0.45926514261133633,
           0.6965885653312804,
           0.6314244044191263,
           -0.6502566956318309,
           -0.015152185120175214,
           0.21963291816775737,
           0.3955693129073643,
           0.3275241551888172,
           0.1040363798045143,
           -0.027900148764422743,
           0.1613865236728297,
           -0.02376030094862162,
           0.19997664643880758,
           0.3659862104059502,
           0.6704130336461075,
           0.7927397698771249,
           0.30263429534558317,
           -0.1761709866719598,
           0.18383526156538396,
           -0.2113838585609908,
           -0.132519103052883,
           -0.5320713978920038
          ],
          [
           -0.05290596442369216,
           -0.05673813860167939,
           -0.514522754291071,
           0,
           -0.039065540470495194,
           0.010622580457217928,
           -0.49720269391785205,
           -0.3732583890338966,
           -0.4390311059761145,
           -0.38864307202187826,
           -0.3778425402700723,
           -0.3549219731390737,
           0.21659438341607565,
           -0.3723272461736895,
           -0.5045980905360156,
           -0.5018630824991297,
           0.4472584609980549,
           0.016135250648292503,
           -0.16211095884343776,
           -0.2045822538100531,
           -0.17426091930406887,
           -0.08191101244947675,
           0.0370665692419073,
           -0.07790055500273252,
           -0.055281477362977116,
           -0.2374969585819239,
           -0.21134347129070086,
           -0.4839795538908656,
           -0.5579494713325268,
           -0.15966526587802937,
           0.0023314308402514676,
           0.01840817266895007,
           0.03447614096048111,
           0.00965855940620211,
           0.282781475890257
          ],
          [
           0.1377961365765859,
           0.11144828983242083,
           0.03456467073820909,
           -0.039065540470495194,
           0,
           0.014391861706789584,
           0.003944817222570635,
           -0.17590489474254659,
           -0.2611340421965222,
           -0.2052347060616509,
           -0.16310742620726695,
           -0.018579437007346225,
           0.3868051798088586,
           0.16223864568886778,
           -0.11247722958975134,
           0.04921153141533418,
           0.13098462048010046,
           -0.04279682822801424,
           0.038167922647871375,
           -0.19011903015267945,
           -0.14519845414858623,
           -0.015632563605898764,
           0.007745628433521519,
           -0.15440196033480633,
           0.018556641025373327,
           0.36193176255078624,
           -0.12947479347832752,
           0.1329574069921544,
           -0.13796379926701538,
           0.45261720639738345,
           -0.2479435440501785,
           -0.33722233041870575,
           -0.2845714595740141,
           -0.23607926958662825,
           -0.09766412491459138
          ],
          [
           -0.013224221493241045,
           0.0012688951296456264,
           0.007965318172096421,
           0.010622580457217928,
           0.014391861706789584,
           0,
           0.015980562864522114,
           -0.005256518990342855,
           0.022913590830126063,
           0.0007877526290007458,
           0.02524390314767831,
           0.018148398794222507,
           0.0025905673873992717,
           -0.0056803203742595825,
           0.024196775390914263,
           -0.00045991533401037045,
           -0.018965255994445804,
           -0.03236090449223907,
           0.017520050586611758,
           0.00023275361179769992,
           -0.021146963756355764,
           -0.0014294899727296756,
           0.005712607058188865,
           -0.2001140928320254,
           0.02568139177229056,
           0.01569434089771611,
           -0.013471105700905567,
           0.007658213866530532,
           0.02047923623089703,
           -0.019316976942926885,
           -0.008044596307052008,
           0.04255364186727619,
           -0.016962028331246697,
           0.007084187070861441,
           0.003713998864054927
          ],
          [
           0.21331258936428993,
           0.04116897797005685,
           0.688209275178229,
           -0.49720269391785205,
           0.003944817222570635,
           0.015980562864522114,
           0,
           0.38584420545814363,
           0.5680807688447626,
           0.39691511348584435,
           0.3895829421708108,
           0.3914610823857661,
           0.009117406342424356,
           0.5536630702028235,
           0.6342367133656959,
           0.6402194422888708,
           -0.321616219581152,
           0.06136026934732422,
           0.37334883134251073,
           0.472888989316663,
           0.351609660929997,
           0.20630884386877055,
           -0.0364204967885968,
           0.2463201605044647,
           0.16785200052032392,
           0.16461464229899947,
           0.5103492690606882,
           0.7135202658150102,
           0.8929961009357751,
           0.4642334055957337,
           -0.22959250967062994,
           -0.08435365586752182,
           -0.2496492240976933,
           -0.21286912994626078,
           -0.46174972717465546
          ],
          [
           -0.07934755601144304,
           0.01093787190653044,
           0.5073537927710582,
           -0.3732583890338966,
           -0.17590489474254659,
           -0.005256518990342855,
           0.38584420545814363,
           0,
           0.5467399748165725,
           0.593038342965155,
           0.571473835065365,
           0.3934593700110643,
           -0.13419104192711048,
           0.30230146396364754,
           0.48561114334487543,
           0.4598750833742881,
           -0.41774108628822937,
           0.014644119469488877,
           0.0065984694777016665,
           0.2089898735205023,
           0.19241652339888515,
           -0.009923689568202606,
           -0.0029557834844363396,
           0.12300732735567638,
           0.06813732134203003,
           0.013446942266221413,
           0.15581069165631922,
           0.4545824784832126,
           0.612129141058785,
           -0.14349561919662104,
           0.4087944853206792,
           0.19094780723451066,
           0.08264100535961033,
           0.09192099911329994,
           -0.23950722895687934
          ],
          [
           0.04657027916728683,
           -0.02733746998183059,
           0.6922787846267775,
           -0.4390311059761145,
           -0.2611340421965222,
           0.022913590830126063,
           0.5680807688447626,
           0.5467399748165725,
           0,
           0.5729861030655617,
           0.5346240106361607,
           0.3575557702840538,
           -0.12112844063757375,
           0.3068410058124665,
           0.7337874917333407,
           0.4863494107795387,
           -0.5391937404614411,
           0.018415670848148425,
           0.0916766448169471,
           0.3752524861619305,
           0.3133791998059963,
           0.04354915212295241,
           -0.02101655079726532,
           0.2379663306163457,
           0.08946208176406108,
           0.03362193755294855,
           0.30638259584917327,
           0.5654064434515562,
           0.8455427457697121,
           -0.08194219024092886,
           -0.05989604330690271,
           0.5755913183882455,
           -0.06741280549617733,
           -0.05951147581440463,
           -0.38072471731929497
          ],
          [
           -0.10408023270740557,
           0.00673832517579435,
           0.52003977090427,
           -0.38864307202187826,
           -0.2052347060616509,
           0.0007877526290007458,
           0.39691511348584435,
           0.593038342965155,
           0.5729861030655617,
           0,
           0.5834842406676141,
           0.4262986987422079,
           -0.14314699152622493,
           0.299428024588359,
           0.5322408079581612,
           0.45788514654235385,
           -0.44615066848863333,
           -0.00027629202484799576,
           0.01605788413756939,
           0.19479258511502814,
           0.2617123883312835,
           0.00232242578548424,
           -0.019098443005282552,
           0.10813544385192003,
           0.08169954962345152,
           0.0411538529042304,
           0.17537584967880007,
           0.46825960266883293,
           0.6418838961097946,
           -0.15880329142455257,
           0.09154476322054972,
           0.2038833297648636,
           0.3619325819102406,
           0.07671614614802451,
           -0.25146032777151894
          ],
          [
           -0.09611041025104015,
           0.027343762199831746,
           0.5235985342505235,
           -0.3778425402700723,
           -0.16310742620726695,
           0.02524390314767831,
           0.3895829421708108,
           0.571473835065365,
           0.5346240106361607,
           0.5834842406676141,
           0,
           0.3567538335868233,
           -0.1213952433308331,
           0.33360776357742017,
           0.49462347412874663,
           0.4551504766172843,
           -0.422288781661478,
           0.0016599447147366895,
           0.02920630019718291,
           0.2584172261319273,
           0.24511290582068657,
           0.010142226382830879,
           -0.02056936705557914,
           0.11605918069096617,
           0.08072735666671381,
           0.021516100956651924,
           0.20086138445980176,
           0.47041977827293446,
           0.6066522018314388,
           -0.1367541715081441,
           0.09694692644650992,
           0.180614311662322,
           0.07217176125406685,
           0.41030606438610645,
           -0.2527198980788139
          ],
          [
           -0.09740518340066742,
           0.03063809821249056,
           0.38829935957931644,
           -0.3549219731390737,
           -0.018579437007346225,
           0.018148398794222507,
           0.3914610823857661,
           0.3934593700110643,
           0.3575557702840538,
           0.4262986987422079,
           0.3567538335868233,
           0,
           0.053046812968578626,
           0.4078731115715058,
           0.44165597201492607,
           0.3906929819025156,
           -0.24597271547883395,
           0.12555705853539198,
           0.024304596204003912,
           0.17662780308777218,
           0.17085264191777066,
           0.050975954472365824,
           -0.030166142120993392,
           0.14109639086397147,
           0.16111484520449285,
           0.05977922469669622,
           0.19550374395192346,
           0.4931988354156241,
           0.5271012659198923,
           -0.039233627181638954,
           -0.01661540424987637,
           -0.02793355820793443,
           -0.03100028638033766,
           -0.036291142899231285,
           0.16576370375298774
          ],
          [
           0.032820516729090914,
           0.03916089056343104,
           -0.10820689773818848,
           0.21659438341607565,
           0.3868051798088586,
           0.0025905673873992717,
           0.009117406342424356,
           -0.13419104192711048,
           -0.12112844063757375,
           -0.14314699152622493,
           -0.1213952433308331,
           0.053046812968578626,
           0,
           0.24122786846843142,
           -0.01201498829674923,
           0.06563466520690843,
           0.3456227194214776,
           -0.02330017402031603,
           0.015933059859773488,
           -0.18383734167116164,
           -0.12758569929131888,
           -0.038063534750771316,
           0.003743555764276394,
           0.0032263971785942034,
           0.21794794226480382,
           0.06615618916055876,
           -0.12561483205447596,
           0.36031446277783136,
           -0.0655706528328285,
           0.1869153028654292,
           -0.1259764071037652,
           -0.11895031779781966,
           -0.13470217872461043,
           -0.1008030399619526,
           -0.037542751485542654
          ],
          [
           0.10005422082613669,
           0.05747439270633681,
           0.45926514261133633,
           -0.3723272461736895,
           0.16223864568886778,
           -0.0056803203742595825,
           0.5536630702028235,
           0.30230146396364754,
           0.3068410058124665,
           0.299428024588359,
           0.33360776357742017,
           0.4078731115715058,
           0.24122786846843142,
           0,
           0.3865387528844393,
           0.5157556357258865,
           -0.05158855946492771,
           0.042685457986989105,
           0.16272197067093225,
           0.14142759230130653,
           0.15909984298359883,
           0.03472220188403834,
           -0.013523890429901283,
           0.15108388867319075,
           0.1920824304216208,
           0.16226540208467707,
           0.1965472814560604,
           0.784022515209671,
           0.5290950799879766,
           0.3084334262191574,
           -0.14937795316341626,
           -0.0960524519024953,
           -0.17675036933037525,
           -0.07320022510895027,
           -0.29257426728215263
          ],
          [
           0.0839985844799255,
           0.025898949910667983,
           0.6965885653312804,
           -0.5045980905360156,
           -0.11247722958975134,
           0.024196775390914263,
           0.6342367133656959,
           0.48561114334487543,
           0.7337874917333407,
           0.5322408079581612,
           0.49462347412874663,
           0.44165597201492607,
           -0.01201498829674923,
           0.3865387528844393,
           0,
           0.5178869535757727,
           -0.522022941921528,
           0.10430118171054341,
           0.14016283165995982,
           0.3215223129317322,
           0.3091303168571487,
           0.0999306472389994,
           -0.01867539515999666,
           0.21991236167241304,
           0.09724505887523782,
           0.12585614472429826,
           0.34562801536694826,
           0.7362189961608354,
           0.7802500234595796,
           0.09145005076583414,
           -0.08956329367896382,
           0.25146723009473665,
           -0.08305399599414116,
           -0.07297345272255323,
           -0.3363895275881428
          ],
          [
           0.0900761743468678,
           0.031074279454543666,
           0.6314244044191263,
           -0.5018630824991297,
           0.04921153141533418,
           -0.00045991533401037045,
           0.6402194422888708,
           0.4598750833742881,
           0.4863494107795387,
           0.45788514654235385,
           0.4551504766172843,
           0.3906929819025156,
           0.06563466520690843,
           0.5157556357258865,
           0.5178869535757727,
           0,
           -0.4338129229708922,
           -0.06945534553223769,
           0.17770521052943922,
           0.2142488329642221,
           0.17846248814585366,
           0.08514584261742711,
           -0.011946900583022871,
           0.0355633740286454,
           0.11174642892896558,
           0.13899758897701084,
           0.20261576280445576,
           0.8222096345171722,
           0.6759808295407657,
           0.2580395066180211,
           -0.06554673036243783,
           0.04934325228518813,
           -0.10726012640425278,
           -0.07496278316082479,
           -0.44655746591854967
          ],
          [
           -0.05524776745711277,
           -0.0007692936048507563,
           -0.6502566956318309,
           0.4472584609980549,
           0.13098462048010046,
           -0.018965255994445804,
           -0.321616219581152,
           -0.41774108628822937,
           -0.5391937404614411,
           -0.44615066848863333,
           -0.422288781661478,
           -0.24597271547883395,
           0.3456227194214776,
           -0.05158855946492771,
           -0.522022941921528,
           -0.4338129229708922,
           0,
           0.061083620193863715,
           -0.028969397749150465,
           -0.27609745735760244,
           -0.19519980678259663,
           -0.0074830193340159265,
           0.02081986714214132,
           -0.0026251560294650606,
           0.27567303822684863,
           -0.12028235138703476,
           -0.16494381599435698,
           -0.31477738612748585,
           -0.4987693875897907,
           0.02531529221764552,
           -0.01776188259487453,
           -0.24117207361481188,
           -0.023478052331127253,
           -0.03702414215144129,
           0.272221428344071
          ],
          [
           0.0032935446045869988,
           -0.010440853776639817,
           -0.015152185120175214,
           0.016135250648292503,
           -0.04279682822801424,
           -0.03236090449223907,
           0.06136026934732422,
           0.014644119469488877,
           0.018415670848148425,
           -0.00027629202484799576,
           0.0016599447147366895,
           0.12555705853539198,
           -0.02330017402031603,
           0.042685457986989105,
           0.10430118171054341,
           -0.06945534553223769,
           0.061083620193863715,
           0,
           -0.07981412757749456,
           0.0808356358291072,
           0.09556231889484867,
           0.07164851386988556,
           0.009619509462368682,
           0.25384940199766476,
           -0.007935382146336531,
           -0.06109655076632517,
           0.431343766468224,
           0.01978212123436237,
           0.053036652898598664,
           -0.013620276379345906,
           -0.03554641504588323,
           -0.06192250073329804,
           -0.05578733989520204,
           -0.055915425305443966,
           0.18970973498326263
          ],
          [
           0.0626462486650706,
           0.033150446023787944,
           0.21963291816775737,
           -0.16211095884343776,
           0.038167922647871375,
           0.017520050586611758,
           0.37334883134251073,
           0.0065984694777016665,
           0.0916766448169471,
           0.01605788413756939,
           0.02920630019718291,
           0.024304596204003912,
           0.015933059859773488,
           0.16272197067093225,
           0.14016283165995982,
           0.17770521052943922,
           -0.028969397749150465,
           -0.07981412757749456,
           0,
           0.3125969587078662,
           0.24268056316865863,
           0.2950146563023176,
           -0.027030350102104445,
           0.18003210627852212,
           0.01570684292345044,
           0.07003457965707323,
           0.6122300178607041,
           0.1909527479572884,
           0.24911751325990542,
           0.2982512592397063,
           -0.1453990251040884,
           -0.15598673558794154,
           -0.15243524071412334,
           -0.13037930344357535,
           -0.1893693465836049
          ],
          [
           0.03264286772153675,
           0.004747896688982305,
           0.3955693129073643,
           -0.2045822538100531,
           -0.19011903015267945,
           0.00023275361179769992,
           0.472888989316663,
           0.2089898735205023,
           0.3752524861619305,
           0.19479258511502814,
           0.2584172261319273,
           0.17662780308777218,
           -0.18383734167116164,
           0.14142759230130653,
           0.3215223129317322,
           0.2142488329642221,
           -0.27609745735760244,
           0.0808356358291072,
           0.3125969587078662,
           0,
           0.40941992009760825,
           0.22291827858072455,
           -0.008377790408094823,
           0.32489084067756757,
           -0.004538603929592837,
           -0.019025418287112492,
           0.719640802374441,
           0.2179203961712394,
           0.46869526540382683,
           0.09923387065935545,
           -0.07450726366385538,
           0.0823791329111135,
           -0.08669676608800574,
           -0.041165277052775874,
           -0.18024364766914397
          ],
          [
           -0.0025996272198945203,
           -0.008103086937002514,
           0.3275241551888172,
           -0.17426091930406887,
           -0.14519845414858623,
           -0.021146963756355764,
           0.351609660929997,
           0.19241652339888515,
           0.3133791998059963,
           0.2617123883312835,
           0.24511290582068657,
           0.17085264191777066,
           -0.12758569929131888,
           0.15909984298359883,
           0.3091303168571487,
           0.17846248814585366,
           -0.19519980678259663,
           0.09556231889484867,
           0.24268056316865863,
           0.40941992009760825,
           0,
           0.17659476613953043,
           -0.025018065337182975,
           0.2972116829992518,
           -0.04013681896958654,
           0.011941021504357085,
           0.6776934268966409,
           0.21845483110968497,
           0.3813539257619161,
           0.06949130251587969,
           -0.0668361281042645,
           0.07062674140275683,
           -0.03562882530442749,
           -0.02826030108071296,
           -0.15196322998367154
          ],
          [
           0.024058945986351794,
           0.018961227330981826,
           0.1040363798045143,
           -0.08191101244947675,
           -0.015632563605898764,
           -0.0014294899727296756,
           0.20630884386877055,
           -0.009923689568202606,
           0.04354915212295241,
           0.00232242578548424,
           0.010142226382830879,
           0.050975954472365824,
           -0.038063534750771316,
           0.03472220188403834,
           0.0999306472389994,
           0.08514584261742711,
           -0.0074830193340159265,
           0.07164851386988556,
           0.2950146563023176,
           0.22291827858072455,
           0.17659476613953043,
           0,
           -0.011200256718799581,
           0.16923378529909253,
           0.006015251021914608,
           0.007820935199413112,
           0.4605013219533008,
           0.07707832160699422,
           0.13633583401118543,
           0.11572008382646501,
           -0.06812507212823632,
           -0.06480185307205871,
           -0.0638718424083767,
           -0.05339889274496553,
           -0.05756146792480486
          ],
          [
           -0.03907220595790993,
           -0.029361849781136953,
